2.	0.3255609873240821
2.0100000000000002	0.3222169731083678
2.02	0.31884615141557743
2.0300000000000002	0.315448716402727
2.04	0.31202487090848924
2.0500000000000003	0.30857482651763557
2.06	0.30509880362017583
2.0700000000000003	0.30159703146498335
2.08	0.2980697482076927
2.0900000000000003	0.2945172009526648
2.1	0.29093964578881415
2.1100000000000003	0.28733734781909676
2.12	0.2837105811834656
2.1300000000000003	0.28005962907509996
2.14	0.2763847837497265
2.1500000000000004	0.2726863465278533
2.16	0.2689646277897412
2.1700000000000004	0.26521994696295703
2.18	0.2614526325023448
2.1900000000000004	0.2576630218622711
2.2	0.2538514614610114
2.21	0.2500183066371411
2.22	0.24616392159782308
2.23	0.24228867935888077
2.24	0.2383929616765652
2.25	0.23447715897093369
2.2600000000000002	0.23054167024077074
2.27	0.22658690296999687
2.2800000000000002	0.22261327302552314
2.29	0.21862120454652112
2.3000000000000003	0.21461112982510122
2.31	0.21058348917839445
2.3200000000000003	0.20653873081205842
2.33	0.20247731067524352
2.3400000000000003	0.19839969230705976
2.35	0.19430634667461652
2.3600000000000003	0.19019775200271544
2.37	0.1860743935952908
2.3800000000000003	0.1819367636487118
2.39	0.17778536105708453
2.4000000000000004	0.17362069120968904
2.41	0.16944326578072733
2.4200000000000004	0.16525360251155102
2.43	0.16105222498557747
2.4400000000000004	0.1568396623960909
2.45	0.15261644930717533
2.4600000000000004	0.14838312540800175
2.47	0.14414023526074768
2.48	0.13988832804240467
2.49	0.13562795728077362
2.5	0.1313596805849377
2.5100000000000002	0.12708405937053519
2.52	0.12280165858014841
2.5300000000000002	0.11851304639915294
2.54	0.11421879396736992
2.5500000000000003	0.10991947508688225
2.56	0.105615665926378
2.5700000000000003	0.10130794472240058
2.58	0.09699689147788447
2.5900000000000003	0.09268308765837005
2.6	0.0883671158862859
2.6100000000000003	0.08404955963370873
2.62	0.07973100291399285
2.6300000000000003	0.07541202997268537
2.64	0.07109322497812721
2.6500000000000004	0.0667751717121573
2.66	0.062458453261318984
2.6700000000000004	0.058143651708985084
2.68	0.05383134782879936
2.6900000000000004	0.04952212077984123
2.7	0.04521654780391067
2.7100000000000004	0.04091520392532109
2.72	0.036618661653594654
2.7300000000000004	0.03232749068943055
2.74	0.028042257634326523
2.75	0.02376352570420658
2.7600000000000002	0.019491854447415673
2.77	0.015227799467419601
2.7800000000000002	0.010971912150544388
2.79	0.006724739399069622
2.8000000000000003	0.0024868233699890645
2.81	-0.001741298780274027
2.8200000000000003	-0.005959095144911676
2.83	-0.010166039309274873
2.8400000000000003	-0.014361610586659957
2.85	-0.01854529424710863
2.8600000000000003	-0.02271658173899493
2.87	-0.026874970903197824
2.8800000000000003	-0.031019966179670757
2.89	-0.03515107880623575
2.9000000000000004	-0.039267827009445644
2.91	-0.04336973618737519
2.9200000000000004	-0.04745633908421914
2.93	-0.05152717595659164
2.9400000000000004	-0.05558179473143393
2.95	-0.05961975115546255
2.9600000000000004	-0.06364060893609347
2.97	-0.06764393987381029
2.9800000000000004	-0.07162932398594088
2.99	-0.07559634962184242
3.0000000000000004	-0.0795446135694929
3.0100000000000002	-0.083473721153513
3.02	-0.08738328632465094
3.0300000000000002	-0.09127293174078153
3.04	-0.09514228883947719
3.0500000000000003	-0.0989909979022314
3.06	-0.10281870811041634
3.0700000000000003	-0.10662507759307899
3.08	-0.11040977346668626
3.0900000000000003	-0.11417247186693677
3.1	-0.11791285797277806
3.1100000000000003	-0.1216306260227665
3.12	-0.12532547932392182
3.1300000000000003	-0.1289971302532394
3.14	-0.1326453002520219
3.1500000000000004	-0.1362697198132098
3.16	-0.13987012846189248
3.1700000000000004	-0.14344627472918275
3.18	-0.14699791611965468
3.1900000000000004	-0.15052481907253631
3.2	-0.1540267589168641
3.2100000000000004	-0.1575035198208041
3.22	-0.16095489473534624
3.2300000000000004	-0.1643806853325876
3.24	-0.16778070193881636
3.2500000000000004	-0.171154763462612
3.2600000000000002	-0.17450269731817755
3.2700000000000005	-0.1778243393441221
3.2800000000000002	-0.18111953371791087
3.29	-0.18438813286619735
3.3000000000000003	-0.1876299973712557
3.31	-0.19084499587372578
3.3200000000000003	-0.19403300497188822
3.33	-0.19719390911767304
3.3400000000000003	-0.20032760050961923
3.35	-0.20343397898298393
3.3600000000000003	-0.20651295189721083
3.37	-0.20956443402095168
3.3800000000000003	-0.2125883474148415
3.39	-0.21558462131221834
3.4000000000000004	-0.21855319199797782
3.41	-0.22149400268574407
3.4200000000000004	-0.2244070033935404
3.43	-0.2272921508181335
3.4400000000000004	-0.23014940820822352
3.45	-0.23297874523664305
3.4600000000000004	-0.23578013787173324
3.47	-0.23855356824804358
3.4800000000000004	-0.24129902453651625
3.49	-0.2440165008142945
3.5000000000000004	-0.2467059969343004
3.5100000000000002	-0.24936751839471455
3.5200000000000005	-0.25200107620848927
3.5300000000000002	-0.2546066867730253
3.5400000000000005	-0.257184371740123
3.5500000000000003	-0.2597341578863308
3.5600000000000005	-0.26225607698380016
3.5700000000000003	-0.26475016567174614
3.58	-0.26721646532862126
3.5900000000000003	-0.26965502194509094
3.6	-0.27206588599790305
3.6100000000000003	-0.2744491123247387
3.62	-0.276804760000118
3.6300000000000003	-0.27913289221244636
3.64	-0.28143357614226056
3.6500000000000004	-0.2837068828417511
3.66	-0.2859528871156166
3.6700000000000004	-0.2881716674033125
3.68	-0.2903633056627422
3.6900000000000004	-0.292527887255447
3.7	-0.29466550083333487
3.7100000000000004	-0.29677623822699223
3.72	-0.2988601943356171
3.7300000000000004	-0.3009174670186078
3.74	-0.3029481569888379
3.7500000000000004	-0.3049523677076442
3.7600000000000002	-0.3069302052815566
3.7700000000000005	-0.30888177836078334
3.7800000000000002	-0.31080719803947954
3.7900000000000005	-0.312706577757808
3.8000000000000003	-0.31458003320580424
3.8100000000000005	-0.31642768222906353
3.8200000000000003	-0.31824964473624945
3.8300000000000005	-0.3200460426084329
3.8400000000000003	-0.32181699961026505
3.85	-0.3235626413029843
3.8600000000000003	-0.3252830949592542
3.87	-0.32697848947983316
3.8800000000000003	-0.328648955312068
3.89	-0.3302946243702031
3.9000000000000004	-0.33191562995750157
3.91	-0.33351210669016507
3.9200000000000004	-0.33508419042303994
3.93	-0.3366320181770994
3.9400000000000004	-0.3381557280686856
3.95	-0.3396554592404995
3.9600000000000004	-0.3411313517943165
3.97	-0.3425835467254161
3.9800000000000004	-0.3440121858587023
3.99	-0.34541741178650137
4.	-0.3467993678080086